13095238.0952381	5357142.85714286	-4441391.94139194	-412087.912087912	0	0	-2106227.10622711	412087.912087912	-6547619.04761905	-5357142.85714286	0	0
5357142.85714286	19047619.0476191	412087.912087912	5677655.67765568	0	0	-412087.912087912	-15201465.2014652	-5357142.85714286	-9523809.52380952	0	0
-4441391.94139194	412087.912087912	13095238.0952381	-5357142.85714286	0	0	-6547619.04761905	5357142.85714286	-2106227.10622711	-412087.912087912	0	0
-412087.912087912	5677655.67765568	-5357142.85714286	19047619.0476190	0	0	5357142.85714286	-9523809.52380952	412087.912087912	-15201465.2014652	0	0
0	0	0	0	0	0	0	0	0	0	0	0
0	0	0	0	0	0	0	0	0	0	0	0
-2106227.10622711	-412087.912087912	-6547619.04761905	5357142.85714286	0	0	13095238.0952381	-5357142.85714286	-4441391.94139194	412087.912087912	0	0
412087.912087912	-15201465.2014652	5357142.85714286	-9523809.52380952	0	0	-5357142.85714286	19047619.0476191	-412087.912087912	5677655.67765568	0	0
-6547619.04761905	-5357142.85714286	-2106227.10622711	412087.912087912	0	0	-4441391.94139194	-412087.912087912	13095238.0952381	5357142.85714286	0	0
-5357142.85714286	-9523809.52380952	-412087.912087912	-15201465.2014652	0	0	412087.912087912	5677655.67765568	5357142.85714286	19047619.0476191	0	0
0	0	0	0	0	0	0	0	0	0	0	0
0	0	0	0	0	0	0	0	0	0	0	0

13095238.0952381	5357142.85714286	-4441391.94139194	-412087.912087912	0	0	-2106227.10622711	412087.912087912	-6547619.04761905	-5357142.85714286	0	0
5357142.85714286	19047619.0476191	412087.912087912	5677655.67765568	0	0	-412087.912087912	-15201465.2014652	-5357142.85714286	-9523809.52380952	0	0
-4441391.94139194	412087.912087912	36996336.9963370	0	-21016483.5164835	-412087.912087912	-6547619.04761905	5357142.85714286	6959706.95970696	5.23868948221207e-10	-11950549.4505494	-5357142.85714286
-412087.912087912	5677655.67765568	-9.31322574615479e-10	32234432.2344322	412087.912087912	-4945054.94505495	5357142.85714286	-9523809.52380952	-3.49245965480804e-10	-16849816.8498169	-5357142.85714286	-6593406.59340659
0	0	-21016483.5164835	412087.912087912	23901098.9010989	-5357142.85714286	0	0	-11950549.4505494	5357142.85714286	9065934.06593406	-412087.912087912
0	0	-412087.912087912	-4945054.94505495	-5357142.85714286	13186813.1868132	0	0	5357142.85714286	-6593406.59340659	412087.912087912	-1648351.64835165
-2106227.10622711	-412087.912087912	-6547619.04761905	5357142.85714286	0	0	13095238.0952381	-5357142.85714286	-4441391.94139194	412087.912087912	0	0
412087.912087912	-15201465.2014652	5357142.85714286	-9523809.52380952	0	0	-5357142.85714286	19047619.0476191	-412087.912087912	5677655.67765568	0	0
-6547619.04761905	-5357142.85714286	6959706.95970696	-3.49245965480804e-10	-11950549.4505495	5357142.85714286	-4441391.94139194	-412087.912087912	36996336.9963370	0	-21016483.5164835	412087.912087912
-5357142.85714286	-9523809.52380952	2.32830643653870e-10	-16849816.8498169	5357142.85714286	-6593406.59340659	412087.912087912	5677655.67765568	0	32234432.2344322	-412087.912087912	-4945054.94505495
0	0	-11950549.4505495	-5357142.85714286	9065934.06593406	412087.912087912	0	0	-21016483.5164835	-412087.912087912	23901098.9010989	5357142.85714286
0	0	-5357142.85714286	-6593406.59340659	-412087.912087912	-1648351.64835165	0	0	412087.912087912	-4945054.94505495	5357142.85714286	13186813.1868132

k =
13095238.0952381	5357142.85714286	-4441391.94139194	-412087.912087912	-6547619.04761905	-5357142.85714286	-2106227.10622711	412087.912087912
5357142.85714286	19047619.0476191	412087.912087912	5677655.67765568	-5357142.85714286	-9523809.52380952	-412087.912087912	-15201465.2014652
-4441391.94139194	412087.912087912	13095238.0952381	-5357142.85714286	-2106227.10622711	-412087.912087912	-6547619.04761905	5357142.85714286
-412087.912087912	5677655.67765568	-5357142.85714286	19047619.0476190	412087.912087912	-15201465.2014652	5357142.85714286	-9523809.52380952
-6547619.04761905	-5357142.85714286	-2106227.10622711	412087.912087912	13095238.0952381	5357142.85714286	-4441391.94139194	-412087.912087912
-5357142.85714286	-9523809.52380952	-412087.912087912	-15201465.2014652	5357142.85714286	19047619.0476191	412087.912087912	5677655.67765568
-2106227.10622711	-412087.912087912	-6547619.04761905	5357142.85714286	-4441391.94139194	412087.912087912	13095238.0952381	-5357142.85714286
412087.912087912	-15201465.2014652	5357142.85714286	-9523809.52380952	-412087.912087912	5677655.67765568	-5357142.85714286	19047619.0476191

23901098.9010989	5357142.85714286	-21016483.5164835	-412087.912087912	-11950549.4505494	-5357142.85714286	9065934.06593406	412087.912087912
5357142.85714286	13186813.1868132	412087.912087912	-4945054.94505495	-5357142.85714286	-6593406.59340659	-412087.912087912	-1648351.64835165
-21016483.5164835	412087.912087912	23901098.9010989	-5357142.85714286	9065934.06593406	-412087.912087912	-11950549.4505494	5357142.85714286
-412087.912087912	-4945054.94505495	-5357142.85714286	13186813.1868132	412087.912087912	-1648351.64835165	5357142.85714286	-6593406.59340659
-11950549.4505495	-5357142.85714286	9065934.06593406	412087.912087912	23901098.9010989	5357142.85714286	-21016483.5164835	-412087.912087912
-5357142.85714286	-6593406.59340659	-412087.912087912	-1648351.64835165	5357142.85714286	13186813.1868132	412087.912087912	-4945054.94505495
9065934.06593406	-412087.912087912	-11950549.4505495	5357142.85714286	-21016483.5164835	412087.912087912	23901098.9010989	-5357142.85714286
412087.912087912	-1648351.64835165	5357142.85714286	-6593406.59340659	-412087.912087912	-4945054.94505495	-5357142.85714286	13186813.1868132
